0 0.7566964285714286 0.7299107142857143 0.25223214285714285 0.24776785714285715
0 0.921875 0.8950892857142857 0.14732142857142858 0.20982142857142858
0 0.7700892857142857 0.9330357142857143 0.15401785714285715 0.13169642857142858
0 0.6116071428571429 0.9375 0.14285714285714285 0.125
0 0.5066964285714286 0.7366071428571429 0.24330357142857142 0.24107142857142858
0 0.46205357142857145 0.4575892857142857 0.17857142857142858 0.37723214285714285
0 0.30357142857142855 0.32142857142857145 0.18303571428571427 0.39732142857142855
0 0.31919642857142855 0.07589285714285714 0.14955357142857142 0.15178571428571427
0 0.15625 0.30580357142857145 0.17857142857142858 0.375
0 0.03794642857142857 0.6651785714285714 0.07366071428571429 0.3861607142857143
0 0.15178571428571427 0.6964285714285714 0.16964285714285715 0.3950892857142857
0 0.31473214285714285 0.6741071428571429 0.17857142857142858 0.36830357142857145
0 0.046875 0.9330357142857143 0.08258928571428571 0.13392857142857142
0 0.16071428571428573 0.9285714285714286 0.13392857142857142 0.14285714285714285
0 0.29464285714285715 0.9285714285714286 0.16071428571428573 0.14285714285714285
0 0.4642857142857143 0.9375 0.14285714285714285 0.125