0 0.716450489189382 0.2198981446300085 0.29414150183018045 0.28496925347779684
0 0.8665850927571105 0.07339045319201161 0.17754410020006464 0.14678090638402322
0 0.7116866211747909 0.04664580138028852 0.17484104336470402 0.09329160276057703
0 0.5529965508687741 0.0533183437019616 0.16186404111959465 0.1066366874039232
0 0.46541085194501264 0.24949383026106606 0.28479707550386124 0.2757808871542387
0 0.441046744655807 0.5333007167369423 0.24171982866406086 0.40381630094609733
0 0.29324824766965824 0.6914103434758408 0.25148010988812786 0.4219332386982269
0 0.32951894777709045 0.9177249917057317 0.17183224979253556 0.14766334841439768
0 0.14883164894596132 0.7290492046527717 0.241511901215187 0.39935201523181163
0 0.035604167553346104 0.39168806582970245 0.07120833510669221 0.39519529691202365
0 0.11609280367516081 0.3444472597369778 0.23218560735032162 0.417079260641461
0 0.2783205524062577 0.34187319703686586 0.24130397376631313 0.3948877295175259
0 0.0210738638781853 0.12435051276253313 0.0421477277563706 0.14415611733207662
0 0.10620102918642202 0.11282399238409421 0.15906317499630002 0.16066651321477474
0 0.23862520382890917 0.09336701768303966 0.18605681673088817 0.16591018361402068
0 0.4052592673995977 0.06439022301417371 0.16269575091509023 0.12878044602834743