0 0.28339796751390095 0.7626387478550496 0.29801939051558257 0.30218434785379955
0 0.14770320939805773 0.9198816332431402 0.18474995430571337 0.15477956241134297
0 0.3036934760616942 0.9358363621951298 0.17530191620441496 0.1097728938616608
0 0.460073342729876 0.9183089482899762 0.166633078112207 0.13173051102626435
0 0.5294012018050696 0.7124553627387881 0.2889869257524657 0.2928919650184031
0 0.5237712437483145 0.42933703128847034 0.25026286100753 0.41625481368769013
0 0.6551315828180536 0.26111533731807784 0.25939921910519204 0.43447576795165804
0 0.595176969514416 0.05882780347691339 0.1757174895425965 0.11765560695382678
0 0.7985081923479236 0.2106514976660192 0.2502109143402573 0.4117905279734044
0 0.9487079694462374 0.5325007508982863 0.09385702100571182 0.3964952569253938
0 0.8721657789624714 0.5913967192848711 0.24595441529506243 0.42946576512713464
0 0.7068833141993547 0.6070558017397067 0.25015896767298457 0.40732624225911856
0 0.9768671427435117 0.7968524109743985 0.028499954305713362 0.14841286279190388
0 0.9052307846458495 0.817620045086142 0.16263631240337567 0.17172717675142327
0 0.7732226760707847 0.8497719776225265 0.18500968764207673 0.17710099098277152
0 0.607576584636759 0.8966810600773621 0.16694475811584322 0.15851622531197865