3 0.7991071428571429 0.3080357142857143 0.31026785714285715 0.26339285714285715
3 0.7098214285714286 0.8638392857142857 0.23214285714285715 0.27232142857142855
3 0.8370535714285714 0.6205357142857143 0.3236607142857143 0.22767857142857142
3 0.41294642857142855 0.5401785714285714 0.16964285714285715 0.4486607142857143
3 0.25669642857142855 0.10044642857142858 0.2767857142857143 0.20089285714285715
3 0.15625 0.20758928571428573 0.13839285714285715 0.234375
3 0.03571428571428571 0.10044642857142858 0.07142857142857142 0.20089285714285715
3 0.078125 0.6205357142857143 0.15625 0.3705357142857143
3 0.08035714285714286 0.8839285714285714 0.15848214285714285 0.22991071428571427
3 0.2700892857142857 0.8526785714285714 0.13616071428571427 0.234375
3 0.24776785714285715 0.4330357142857143 0.17410714285714285 0.28125
3 0.5022321428571429 0.13616071428571427 0.23214285714285715 0.26339285714285715
3 0.7098214285714286 0.08258928571428571 0.13169642857142858 0.16294642857142858
3 0.8571428571428571 0.07366071428571429 0.12723214285714285 0.14732142857142858
3 0.06696428571428571 0.40401785714285715 0.13392857142857142 0.30580357142857145