3 0.7580509574460319 0.23686973910533632 0.36462419018571446 0.32766252318864914
3 0.8001611474138896 0.79886323052483 0.29298780395039714 0.31748716140806216
3 0.8394972617232145 0.5323031377608184 0.321005476553571 0.2959449768066434
3 0.43709556827877033 0.550632896570622 0.2699427561861114 0.477733900740342
3 0.18231209509285726 0.15759730983424688 0.31842272199226207 0.2599189935043537
3 0.10932864524444467 0.2839220245832634 0.18906234368134942 0.26212347170561123
3 0.12802451259007994 0.7034090329321186 0.23235813721111143 0.39675336270719136
3 0.1887117319771833 0.912256406541035 0.2048413384710319 0.173149455007901
3 0.36650385502331423 0.8756572878038532 0.18854280666448428 0.2398020431341829
3 0.25016519268194487 0.4824381876175909 0.2349520896646828 0.31647414424704945
3 0.42976823002559533 0.14482784786739747 0.28810788862261927 0.28965569573479494
3 0.617733947025397 0.06675310760851315 0.16403932262222248 0.1335062152170263
3 0.7622517420211309 0.040913783629425694 0.15843205547083322 0.08182756725885139
3 0.0873746252155758 0.49197885667955493 0.1593709547319447 0.32854228664089014