3 0.7990389779474716 0.36346398087822646 0.33753482216126024 0.29899340206340164
3 0.6477460078236802 0.8774405350347128 0.2609143422047528 0.24511892993057444
3 0.8019305787085932 0.6766006508401704 0.3494724336768168 0.2638248334593535
3 0.38897655415648635 0.5502174675710972 0.21962914459434948 0.46800718522499324
3 0.2795711702337731 0.1075331550238396 0.29800051667531097 0.2037881564361013
3 0.17102234187980786 0.19254408527935904 0.16625481368769007 0.25190241390515344
3 0.06127593449230446 0.08745906127091051 0.09173384530110537 0.17309906550769555
3 0.07217138620357823 0.594792159804283 0.14434277240715646 0.38601289103713754
3 0.054280160891599705 0.8554981098314658 0.10856032178319941 0.24671050537721737
3 0.211519347747568 0.8448262422591186 0.16160862226999187 0.2472562224874554
3 0.23531491243977598 0.42545624367138035 0.20397006213951382 0.3024648023895968
3 0.5212375903316316 0.15762558728839485 0.2610962479081653 0.2825081479625312
3 0.7348373602392098 0.12831967962906227 0.14976955958681973 0.17546383965205867
3 0.8820678359589319 0.13655471069881917 0.1447595567622962 0.16188907680578896
3 0.07143616740924974 0.3780923969580133 0.14287233481849948 0.31868479391602655