5 0.5472482548717348 0.226969926112241 0.26264634739938764 0.453939852224482
5 0.43270764958444025 0.26909720119548586 0.2595847008311195 0.5381944023909717
5 0.31362483418585907 0.30804984366669663 0.28252952457855585 0.5943311024062349
5 0.20535207328648789 0.3765234975408124 0.29638992810341874 0.6215845055690707
5 0.11024346590962586 0.49163830697636746 0.22048693181925172 0.6863662431901222
5 0.263371420458932 0.6310373780190067 0.33633472634098727 0.6095947150575783
5 0.9885773839285715 0.6194803928571428 0.9898693125 0.5454658392857142 0.9538640044642858 0.5275316205357143 0.9424882321428572 0.4828364196428572 0.6511892232142857 0.35576537053571433 0.6100085758928572 0.4506304821428571 0.8536359017857142 0.5769634151785714 0.9233947901785714 0.5985703660714286 0.9744511205357143 0.6232199241071428 0.9885773839285715 0.6194803928571428
5 0.9175105982142858 0.6611923883928571 0.8948689464285715 0.62138775 0.8577237723214285 0.5721816741071429 0.61744496875 0.45247837946428576 0.5620047232142857 0.4156315446428572 0.4955731205357143 0.50763975 0.8025769598214286 0.6668104419642857 0.8453087366071428 0.6936636919642857 0.8933688482142857 0.6962072187499999 0.9175105982142858 0.6611923883928571
5 0.7127254642857144 0.7726515044642858 0.8036285044642858 0.7943858348214287 0.8181143660714286 0.7390278660714286 0.798913625 0.6906793303571428 0.5008749375 0.4780881651785714 0.40250301339285716 0.6066998303571428 0.7127254642857144 0.7726515044642858
5 0.6550082321428572 0.8070131785714285 0.6309788526785713 0.7771172276785715 0.6140538437499999 0.7148083883928571 0.4018025044642857 0.5902405982142858 0.3124854955357143 0.6954104285714287 0.5199282053571429 0.8580380401785714 0.5487313035714286 0.8446883705357143 0.5803083392857143 0.8687696696428572 0.6399116428571429 0.8758906116071429 0.6689370401785714 0.8472160714285714 0.6550082321428572 0.8070131785714285
5 0.16047770982142856 0.7986230535714285 0.13883408928571428 0.8043526026785714 0.11718621875 0.9818270401785715 0.19421547321428573 0.9881514285714286 0.2437755625 0.9158755892857143 0.18894601785714288 0.8655091517857143 0.16047770982142856 0.7986230535714285
5 0.39572449107142854 0.9596150178571429 0.442341875 0.9472743660714286 0.4561071428571429 0.8558502410714286 0.42443791964285715 0.8181575178571429 0.3608176651785714 0.9364150446428571 0.39572449107142854 0.9596150178571429