5 0.547707606775414 0.555329236930942 0.20933092839766157 0.6937980261027674
5 0.3802449475806733 0.5376270417384686 0.21379521411194716 0.694031989403138
5 0.20607287358724746 0.5173417587382964 0.2315744396055504 0.6815749854617639
5 0.09286991300853499 0.6207506945788429 0.16920430187811641 0.7006209278280023
5 0.19134392326795263 0.670540744329856 0.17340886304727018 0.6562120339855159
5 0.2669770558656778 0.629875263293301 0.17795106612509543 0.6698388544287438
5 0.4366069267812784 0.6365337258502455 0.16004197835892622 0.6599744297986894
5 0.36990236561212464 0.6670265490724846 0.16912638451457682 0.6659469018550307
5 0.6151393966709372 0.6391958292936458 0.18233743447584164 0.6566799605862573
5 0.5283455497874977 0.6691227272722001 0.15570755491720664 0.6617545454555999
5 0.9134399052071792 0.13266692349724074 0.10776619605117384 0.11275797635175443
5 0.8218441307007824 0.11447781869678385 0.08098048176545955 0.11135419654953009
5 0.7392288725319835 0.10568521192563982 0.10784411341471335 0.12615083349461156
5 0.6342532271099863 0.0890263600812136 0.0988376246226024 0.11229004975101296
5 0.8603100083624751 0.20575222103564925 0.08980516337597828 0.09396498029312868
5 0.8740145349594906 0.26002553950818996 0.0898311358304912 0.09842926600741439
5 0.7731915057976205 0.1900292223927059 0.09424347663575057 0.08973465787921368
5 0.6883441047716788 0.18111963397137654 0.09424347663575057 0.08973465787921368
5 0.7913992767906917 0.25123293273704594 0.08087659194740685 0.09349705369238727
5 0.7132612905634349 0.2449064321234155 0.08074672967484073 0.07117562512095864
5 0.6305421425765834 0.2182566824951286 0.09429542154477691 0.09866322930778512