5 0.4061783353414238 0.7659135448323414 0.17514920387376318 0.4681729103353171
5 0.5286085391470084 0.7372862736098217 0.16248360007272403 0.5254274527803567
5 0.6511426362871384 0.7196898324187998 0.1718277448394771 0.5606203351624003
5 0.7689527143766192 0.6873590694179569 0.1854803353186976 0.5979062961349209
5 0.9144009352550642 0.6038383497040682 0.17119812948987168 0.6692309601601192
5 0.7547011733881792 0.4214743009095244 0.2299154057924641 0.581088227311508
5 0.02201446875 0.2541587410714286 0.003510053571428571 0.3016531383928571 0.003559816964285714 0.3059298348214286 0.060623294642857144 0.35278619196428573 0.06449625 0.3994755580357143 0.3288137053571428 0.5964198392857142 0.3844935669642857 0.5135184196428572 0.16668775446428571 0.32911794196428573 0.10195812946428572 0.29061496875 0.05601681696428572 0.25376260714285714 0.02201446875 0.2541587410714286
5 0.11787826785714285 0.23060947767857143 0.13356507589285713 0.27529186160714286 0.16191295089285715 0.33279777232142854 0.3775193705357143 0.5098609642857143 0.4257691785714286 0.5597720401785714 0.50568528125 0.4859352321428571 0.23121586607142858 0.25359098660714285 0.19377513839285715 0.21663959375 0.14717657589285715 0.20222745089285715 0.11787826785714285 0.23060947767857143
5 0.33628607589285714 0.1719835848214286 0.2508943482142857 0.1281132767857143 0.22773928125 0.1788563794642857 0.23867347767857144 0.23107160714285713 0.4957025625 0.5136260267857142 0.6128032410714285 0.41178144642857145 0.33628607589285714 0.1719835848214286
5 0.39832121428571426 0.1525670625 0.41697376339285713 0.18786799999999998 0.4234159553571429 0.25322123214285713 0.6108169241071428 0.42811008928571426 0.7152553571428572 0.3470289866071429 0.5387356785714286 0.13597610714285716 0.5083942633928571 0.1419377857142857 0.48141495535714285 0.11047270089285714 0.4242680535714286 0.08870584375 0.39122176785714285 0.10965398214285714 0.39832121428571426 0.1525670625
5 0.8806989375000001 0.2834119464285714 0.9028002589285714 0.28315445982142856 0.95278209375 0.11432805803571429 0.8784601919642857 0.08902258482142857 0.8182502544642858 0.14767478571428572 0.8637082857142857 0.210704125 0.8806989375000001 0.2834119464285714
5 0.67671640625 0.06707095982142856 0.6291132053571429 0.06762554464285715 0.6008090178571429 0.15394672767857145 0.6256691964285714 0.1987944642857143 0.7070959017857142 0.0984965669642857 0.67671640625 0.06707095982142856