5 0.048963522321428574 0.38407861607142857 0.0414795 0.7094886473214286 0.03586633928571429 0.7506323883928571 0.1294180580357143 0.78242540625 0.1668387455357143 0.7468920982142857 0.16122558482142857 0.4009102008928571 0.13316007142857142 0.36724704017857146 0.09637422767857143 0.24608187053571426 0.07702904017857144 0.32610323214285714 0.06393185267857143 0.3391944553571428 0.06767386607142857 0.36537689285714287 0.048963522321428574 0.38407861607142857
5 0.18180707589285713 0.6496431205357143 0.1743229107142857 0.7375412366071429 0.2285829375 0.7842955446428571 0.2865849732142857 0.78242540625 0.32587666517857145 0.7768148303571428 0.31839249999999997 0.39716983928571425 0.2791008080357143 0.37472775446428574 0.2865849732142857 0.3335839464285714 0.24608182589285715 0.2577777767857143 0.2229697767857143 0.32797344642857146 0.2080014464285714 0.3765979017857143 0.18180707589285713 0.42335220982142857 0.18180707589285713 0.6496431205357143
5 0.34645801785714286 0.44766444196428573 0.3520711785714286 0.7768148303571428 0.4474939017857143 0.7786849732142856 0.5111090982142857 0.7581131071428572 0.5054959375 0.35041552678571425 0.45872008035714285 0.2943103571428572 0.46246223214285714 0.26438755357142857 0.4308771517857143 0.18760234375 0.4082022098214286 0.25503669196428574 0.3988470357142857 0.3017910044642857 0.3651683616071429 0.3298435892857143 0.34645801785714286 0.44766444196428573
5 0.5260772901785714 0.2587770491071429 0.5354324598214285 0.78242540625 0.71130971875 0.7805551205357143 0.737504375 0.46449616071428573 0.7131808660714285 0.2587770491071429 0.6795021919642857 0.197061375 0.6664048660714286 0.15965792410714288 0.6420815 0.13721584375 0.6273683794642857 0.07298245982142858 0.6084028258928571 0.13908598660714286 0.5971766473214286 0.16339828571428572 0.5953056428571429 0.2176332455357143 0.5260772901785714 0.2587770491071429
5 0.8142166071428572 0.15217720982142854 0.7805379330357143 0.18397015625 0.7562147142857143 0.2382051830357143 0.7506015535714285 0.4719767366071429 0.7599567232142858 0.7712042589285714 0.8385401116071429 0.7842955446428571 0.9246078080357142 0.7693341116071428 0.9451890133928572 0.7693341116071428 0.9713836651785714 0.7244499464285715 0.9601573482142857 0.21202274107142857 0.9096394776785715 0.15404742410714284 0.8909291339285714 0.09794225 0.866605625 0.07737031250000001 0.8589473258928572 0.016842107142857145 0.8441532723214286 0.08672117410714286 0.8404112633928572 0.09046153125 0.8291849419642857 0.09981239732142858 0.8142166071428572 0.15217720982142854
5 0.03025317857142857 0.791776267857143 0.02651116964285714 0.9021163258928572 0.03399533482142857 0.9526110669642858 0.10322354464285714 0.943260205357143 0.11257871875 0.7487622455357144 0.09948153571428572 0.7188395089285714 0.09199737053571429 0.6608642678571428 0.06767386607142857 0.6234608169642858 0.047092513392857145 0.6963973616071428 0.03586633928571429 0.7169693705357142 0.03399533482142857 0.7450219553571429 0.03025317857142857 0.791776267857143
5 0.1499994107142857 0.91894790625 0.2229697767857143 0.9301689107142856 0.23419595535714285 0.8609725892857142 0.23419595535714285 0.7244499464285715 0.22109876785714286 0.6982676428571429 0.18760229910714285 0.5922807008928571 0.17245190625 0.6627342678571428 0.16870975000000002 0.7038780758928571 0.15374155803571427 0.7674639687499999 0.1499994107142857 0.91894790625
5 0.38013669196428573 0.8834145982142857 0.3763945357142857 0.7506323883928571 0.36891051339285713 0.7113587946428571 0.33148982589285714 0.60475909375 0.28471396875 0.7188395089285714 0.2809718125 0.9152076160714285 0.35581318749999996 0.9413900625 0.38013669196428573 0.8834145982142857
5 0.2791008080357143 0.9002461830357144 0.2959401473214286 0.943260205357143 0.3726525223214286 0.9507409241071428 0.37826568303571434 0.7244499464285715 0.30903733035714287 0.6627342678571428 0.30155316517857145 0.6982676428571429 0.2884559776785714 0.7263202321428571 0.2828428169642857 0.7936464107142857 0.2791008080357143 0.9002461830357144
5 0.4269125491071429 0.93390934375 0.4961407633928571 0.9395197723214286 0.52420628125 0.8572323035714285 0.50923809375 0.7001377857142856 0.49801177232142857 0.6346816785714287 0.4659648705357143 0.5571929821428572 0.4474939017857143 0.6328116785714286 0.42504154464285715 0.7020079330357143 0.40446005357142856 0.791776267857143 0.4269125491071429 0.93390934375
5 0.5522717946428571 0.8665831651785715 0.5597559642857143 0.9526110669642858 0.6364683437499999 0.943260205357143 0.6664048660714286 0.9413900625 0.6626628526785714 0.6552536205357143 0.6514366741071429 0.6328116785714286 0.6420815 0.5748362232142857 0.6252421651785715 0.5243415491071428 0.6086549285714286 0.5221052678571428 0.5709821428571429 0.6103694553571428 0.5691111339285715 0.6533834062499999 0.5541428035714285 0.7225797991071429 0.5522717946428571 0.8665831651785715
5 0.82357178125 0.9395197723214286 0.79363540625 0.5954082321428571 0.7466666205357143 0.46128654910714284 0.71130971875 0.5804467232142858 0.6963415267857143 0.6290711785714286 0.69821253125 0.9395197723214286 0.82357178125 0.9395197723214286
5 0.9620285 0.9488706339285714 0.9582862008928571 0.5767065044642857 0.8940350446428571 0.42853801339285713 0.8684767767857143 0.5336924151785715 0.8535084464285714 0.5823168660714285 0.8460241383928572 0.943260205357143 0.9620285 0.9488706339285714