5 0.11410188196247918 0.7507516628398709 0.15417877550751408 0.39457138287714194
5 0.23283403757455595 0.724821504728573 0.1308443297750729 0.33627593525506405
5 0.3399768947174131 0.7235747847140281 0.12152613636149656 0.31385061334909026
5 0.45385514263019927 0.7200180018414315 0.12575664888477942 0.3005097028735056
5 0.6702561131775548 0.7241950170501342 0.11706185064721097 0.3137986666818173
5 0.5654622854873421 0.718719335159614 0.11244171613892322 0.3048181485859734
5 0.793179819114414 0.7138379122715636 0.13029885899606594 0.3050259352550643
5 0.9031002898934208 0.6813152189233823 0.10727611085162866 0.26458763049012923
5 0.14480018321151217 0.27058121521779316 0.22763338125811078 0.5114739581249337
5 0.32622714981609136 0.2327630894789631 0.14101969155565985 0.40780840001818097
5 0.4734316917920185 0.2377452780303926 0.15010411177823318 0.4168408647812978
5 0.6252953304747338 0.2315148056288351 0.168039179032377 0.42151293716467425
5 0.7746930531093034 0.2387031637037711 0.1770456748579495 0.4260811162135054
5 0.9291005322371653 0.2145895751114344 0.12684759044279303 0.3630097028735058