5 0.070307875 0.33327428571428575 0.04993469196428572 0.3512063348214286 0.012226044642857143 0.67617934375 0.002810330357142857 0.7170777410714286 0.0930263125 0.7526682366071429 0.13359879910714287 0.7186735178571428 0.16017610714285713 0.37260354910714283 0.13535435714285712 0.3378109464285714 0.10998318750000001 0.21519670089285717 0.08327654464285715 0.2943976205357143 0.06901536607142857 0.30695007142857145 0.070307875 0.33327428571428575
5 0.20902251339285716 0.35020632589285716 0.1785874955357143 0.3958747321428571 0.15754809375 0.6220737142857143 0.14192197767857143 0.7096312901785715 0.19161475446428572 0.7585766339285714 0.24955520089285715 0.7590696964285714 0.28920903124999997 0.7550617633928571 0.3170527544642857 0.37526616964285714 0.2800071205357143 0.35123283482142853 0.29128625 0.31041057589285714 0.25799560714285713 0.23298549107142857 0.22845094196428573 0.30221128571428574 0.20902251339285716 0.35020632589285716
5 0.36989838839285716 0.3098724642857143 0.3403095982142857 0.4268833705357143 0.3152972053571429 0.7561286741071429 0.41015867857142857 0.7618846517857143 0.47542829464285713 0.7439122142857143 0.5077436205357143 0.33615163392857145 0.46637403125 0.27816405803571426 0.47288306249999995 0.24840583035714286 0.4485653125 0.17036534374999998 0.41971270982142855 0.23684873660714284 0.40604853125 0.28320301785714286 0.36989838839285716 0.3098724642857143
5 0.6164400803571429 0.15294455357142858 0.6095341741071428 0.20708127232142856 0.5367615089285714 0.24538866517857144 0.4973924776785714 0.7692053348214286 0.6727296428571429 0.7744993482142857 0.7282035580357142 0.45963570089285716 0.7231055267857143 0.25300945535714287 0.6953015982142857 0.18994711160714287 0.6857350267857143 0.15202539732142856 0.6635969553571428 0.12860173660714286 0.6549156607142858 0.06379517410714286 0.6298811249999999 0.129099375 0.6164400803571429 0.15294455357142858
5 0.9285038482142857 0.15632420089285715 0.91508584375 0.09947974107142857 0.8927737544642858 0.07792545535714286 0.89077415625 0.01710991517857143 0.8695431517857143 0.08635802678571428 0.8654685714285714 0.08994445089285714 0.8534184285714286 0.09883426339285714 0.8336422366071429 0.15056813839285715 0.7971443303571428 0.18097642857142857 0.7678773526785714 0.23419872767857144 0.7405520580357142 0.4676466875 0.7220485580357143 0.7671336875 0.7990957767857143 0.7834203839285714 0.8862051160714286 0.77197059375 0.9067027723214285 0.772808875 0.9369641919642857 0.7290098616071429 0.9734263839285714 0.21633357142857143 0.9285038482142857 0.15632420089285715
5 0 0.9172309866071429 0.05198451785714286 0.9123707857142858 0.07938516517857143 0.7183328794642857 0.06912321875 0.6878888437499999 0.06705968749999999 0.6296323214285715 0.04631251339285714 0.5912533660714285 0.019033433035714285 0.6633219955357142 0.005940151785714286 0.6834284017857143 0.001468549107142857 0.7113933794642857 0 0.7198662232142857 0 0.9172309866071429
5 0.17246179464285713 0.9041621116071428 0.19007593303571427 0.8354511473214286 0.2027691294642857 0.6989839642857143 0.19215941071428572 0.67227884375 0.1686530625 0.5649706383928571 0.14701375 0.6347785044642856 0.13946144196428573 0.6757531785714285 0.11864211160714286 0.7387035803571429 0.10083092857142857 0.8899735580357142 0.17246179464285713 0.9041621116071428
5 0.3107962901785714 0.5833045491071429 0.25360369642857145 0.6954334196428571 0.23161939285714286 0.8915693392857144 0.3037226383928572 0.9207894598214287 0.3333376696428571 0.8638282544642857 0.34195613392857144 0.7309475669642858 0.3381539553571429 0.6913850982142857 0.3107962901785714 0.5833045491071429
5 0.31962421428571425 0.930822392857143 0.346254 0.7048519732142857 0.2830447008928571 0.6403416741071428 0.27228720089285713 0.67555578125 0.25663499107142856 0.7030635178571429 0.24478496428571428 0.77013371875 0.23114702678571428 0.8765377767857142 0.24391877678571428 0.9202201964285714 0.31962421428571425 0.930822392857143
5 0.44365443750000005 0.9246355223214285 0.47925669642857144 0.84352459375 0.47895514285714286 0.6858842410714285 0.47386017857142854 0.6199974732142858 0.44914788839285713 0.54123496875 0.4237212544642857 0.6160706205357143 0.39492651785714283 0.6843242723214286 0.3660823660714286 0.7732178482142856 0.3752288883928571 0.9162076830357143 0.44365443750000005 0.9246355223214285
5 0.5429321205357143 0.6415874955357143 0.5215910133928572 0.7101461160714286 0.5063388839285714 0.8540147767857142 0.5057942232142857 0.9403125625 0.5830645803571429 0.9340900178571429 0.6130534508928571 0.9334399598214286 0.6359301741071429 0.6472673482142858 0.6268361116071429 0.6243772767857143 0.6229091830357143 0.5660443348214286 0.6108329553571429 0.5148842991071428 0.59452096875 0.5119733214285714 0.5487947544642857 0.5986672321428571 0.5429321205357143 0.6415874955357143
5 0.6719064419642857 0.6224672857142857 0.6449058839285715 0.9328659687499999 0.7697562321428572 0.9379718928571429 0.7719351651785714 0.5927808258928572 0.7376270223214286 0.45680057142857144 0.6913347321428571 0.5744722410714286 0.6719064419642857 0.6224672857142857
5 0.8327823169642857 0.5821334241071429 0.7917696741071428 0.9426252946428572 0.9067814776785715 0.9529583392857143 0.93765634375 0.5807929732142857 0.8874419910714285 0.43006770535714284 0.8522107410714286 0.5341383928571429 0.8327823169642857 0.5821334241071429