5 0.8951317684775464 0.2544642857142857 0.20599495202793427 0.4017857142857143
5 0.7568168594808762 0.25223214285714285 0.1933815763469465 0.42410714285714285
5 0.6054208859260966 0.24107142857142858 0.225255161516442 0.4419642857142857
5 0.43585597692942635 0.23883928571428573 0.24435947471257588 0.47767857142857145
5 0.19642857142857142 0.27455357142857145 0.39285714285714285 0.5491071428571429
5 0.822774836675066 0.7924107142857143 0.17967692661934162 0.41517857142857145
5 0.6942459287150236 0.765625 0.17936513403459386 0.40625
5 0.5677153191735631 0.7455357142857143 0.19275799117745113 0.40625
5 0.44102881333972876 0.7299107142857143 0.19338157634694664 0.42410714285714285
5 0.2937569795322088 0.7924107142857143 0.1408447150575785 0.32589285714285715
5 0.2003967202631435 0.78125 0.14053292247283075 0.3169642857142857
5 0.10926860385122104 0.7700892857142857 0.12667237645285198 0.30357142857142855
5 0.04997870184618147 0.7522321428571429 0.09995740369236294 0.32589285714285715