5 0.13616071428571427 0.234375 0.13169642857142858 0.390625
5 0.2544642857142857 0.26339285714285715 0.11160714285714286 0.3325892857142857
5 0.36160714285714285 0.26785714285714285 0.10714285714285714 0.3080357142857143
5 0.47544642857142855 0.27455357142857145 0.109375 0.29464285714285715
5 0.6919642857142857 0.27455357142857145 0.10044642857142858 0.31026785714285715
5 0.5870535714285714 0.2767857142857143 0.09821428571428571 0.3013392857142857
5 0.8125 0.28794642857142855 0.11607142857142858 0.3013392857142857
5 0.921875 0.3236607142857143 0.09151785714285714 0.2611607142857143
5 0.14285714285714285 0.7142857142857143 0.203125 0.5022321428571429
5 0.32142857142857145 0.7566964285714286 0.12053571428571429 0.4017857142857143
5 0.46875 0.7566964285714286 0.12946428571428573 0.41294642857142855
5 0.6205357142857143 0.765625 0.14508928571428573 0.41517857142857145
5 0.7700892857142857 0.7611607142857143 0.15401785714285715 0.4174107142857143
5 0.9241071428571429 0.7901785714285714 0.10714285714285714 0.359375