5 0.04087667410714286 0.3888999553571429 0.022140651785714286 0.4083492455357143 0.014646361607142857 0.7338162053571429 0.0090255 0.7751571607142856 0.10270560267857143 0.8031169285714286 0.14017764285714288 0.7660870624999999 0.1345567767857143 0.42059717410714287 0.10645275 0.3881023571428571 0.06961642410714286 0.2685272142857143 0.0502446875 0.34927530357142855 0.03712952678571429 0.3628898214285714 0.04087667410714286 0.3888999553571429
5 0.18139683482142857 0.3943988660714286 0.15516651785714286 0.4421840982142857 0.15516651785714286 0.6683026919642857 0.14767208035714288 0.7564385982142857 0.20200657142857142 0.8009480625 0.26008820535714283 0.7967177455357143 0.29943382142857145 0.7895116473214285 0.29193938392857144 0.4104604732142857 0.2525937678571429 0.3896352723214286 0.26008820089285717 0.3482180714285715 0.2195294732142857 0.2741187455357143 0.19638570535714286 0.34520198660714285 0.18139683482142857 0.3943988660714286
5 0.3387794330357143 0.34128097321428574 0.32004341517857143 0.4597739151785714 0.32566427678571425 0.7884451116071428 0.42121795535714285 0.7864286160714286 0.4849204508928571 0.7632822723214286 0.47929958928571426 0.35612368749999995 0.4324595401785714 0.30196575892857147 0.43620683035714286 0.271913375 0.4045783973214286 0.1964726517857143 0.3818723392857143 0.2647788794642857 0.3725043303571428 0.31187849107142857 0.3387794330357143 0.34128097321428574
5 0.5711061205357143 0.165516 0.5692325446428571 0.2197858392857143 0.4999091875 0.2637170044642857 0.5092771964285714 0.7865857098214286 0.6853958169642856 0.7775558526785714 0.7116264196428571 0.46067103125 0.6872695357142857 0.25609891964285714 0.6535446428571429 0.1958015 0.64042934375 0.15895979910714284 0.61607259375 0.13752515178571428 0.6013392857142856 0.07393974107142856 0.5823477008928571 0.1407651294642857 0.5711061205357143 0.165516
5 0.7341095848214286 0.7662314107142858 0.8128008125 0.7761131383928571 0.898986625 0.7576587767857142 0.9195960758928571 0.7568207991071428 0.9458266741071428 0.7109042723214286 0.9345849508928571 0.19932436160714287 0.8839977544642857 0.14345006696428572 0.8652617366071428 0.08814942410714285 0.8409048482142857 0.06858350446428571 0.83339971875 0.009697482142857141 0.8329669508928571 0.009692446428571427 0.8184216830357143 0.07884141517857143 0.8146745357142857 0.08273128125 0.8034328080357144 0.09253211607142857 0.7884439285714285 0.1454665 0.7547190401785714 0.17860649553571428 0.7303624419642858 0.23379056250000002 0.7247415758928571 0.46761264732142854 0.7341095848214286 0.7662314107142858
5 0 0.9291986651785714 0.007151928571428571 0.9770582142857143 0.07647513839285715 0.9648957857142857 0.08584315178571429 0.77016503125 0.07272799553571428 0.7407983392857143 0.06523355803571428 0.6831719732142857 0.04087667410714286 0.6467873571428572 0.020267080357142857 0.7205063482142856 0.0090255 0.7415197767857142 0.007151928571428571 0.7696271785714286 0.0034046339285714287 0.8164982544642857 0 0.9168147321428571 0 0.9291986651785714
5 0.19638570535714286 0.9469388928571429 0.20762729017857143 0.8773381785714286 0.20762729017857143 0.7409194955357143 0.19451212946428573 0.7152903928571428 0.16096969196428573 0.6107479955357142 0.14579850446428572 0.6817647767857142 0.1420512142857143 0.7230296160714286 0.12706248214285715 0.7871765357142857 0.12331519642857143 0.9386974821428572 0.19638570535714286 0.9469388928571429
5 0.3050546785714286 0.6173583839285713 0.2582146339285714 0.7332564508928572 0.25446734374999996 0.9296273883928572 0.3294114241071428 0.9527426696428571 0.3537683080357143 0.893821 0.35002101785714285 0.7612922633928572 0.34252672321428573 0.7223532991071429 0.3050546785714286 0.6173583839285713
5 0.34627386607142857 0.9614007812500001 0.35189473214285716 0.7350535758928572 0.282571375 0.6762035803571429 0.2750769375 0.712014625 0.26196177678571425 0.7405791160714286 0.2563409107142857 0.8080825714285714 0.2525937678571429 0.9147535267857142 0.2694562142857143 0.9570491696428572 0.34627386607142857 0.9614007812500001
5 0.46993158035714283 0.9451602455357142 0.4980356116071429 0.8617927276785714 0.4830468794642857 0.7054272723214285 0.47180515624999997 0.6404780982142857 0.43971427232142857 0.5643532276785714 0.42121795535714285 0.6406664017857143 0.3987347857142857 0.7107241339285714 0.37812505357142856 0.8012621026785715 0.40060835714285714 0.9423727723214286 0.46993158035714283 0.9451602455357142
5 0.5430020892857143 0.6562707142857143 0.5280132187500001 0.7260238660714285 0.5261396383928572 0.8699937544642857 0.5336340803571429 0.9556514241071429 0.6104517321428571 0.9431842723214287 0.6404293392857143 0.9400966651785714 0.6366821919642858 0.6543304687499999 0.6254406071428571 0.6323626964285715 0.61607259375 0.5748122946428572 0.5992101517857142 0.5250417008928572 0.5826001517857142 0.5234824866071428 0.5448756651785714 0.6132133392857143 0.5430020892857143 0.6562707142857143
5 0.6704070848214286 0.6267967098214287 0.67228065625 0.93693271875 0.7978119464285715 0.9318286116071429 0.7678344866071428 0.5891979955357144 0.7208012455357142 0.4570908169642857 0.6853958214285714 0.5775998392857142 0.6704070848214286 0.6267967098214287
5 0.8277896919642858 0.5736788169642857 0.8202951116071429 0.93465203125 0.9364586741071428 0.93553496875 0.9327112366071428 0.5638066116071428 0.86837190625 0.4183669866071429 0.8427785625 0.5244819419642857 0.8277896919642858 0.5736788169642857