5 0.12723214285714285 0.8087979227464388 0.20089285714285715 0.3808453851372019
5 0.28794642857142855 0.7840323289223916 0.14732142857142858 0.41946518719585285
5 0.4375 0.7640557644313636 0.17410714285714285 0.43810171473795584
5 0.6049107142857143 0.7301667530075049 0.1875 0.48313426422329314
5 0.8348214285714286 0.6609770344615961 0.33035714285714285 0.5855052682573668
5 0.09598214285714286 0.26060006202174957 0.12946428571428573 0.4412670259773078
5 0.23214285714285715 0.2744953327303445 0.12946428571428573 0.4055527402630221
5 0.36160714285714285 0.26626402103875096 0.14732142857142858 0.40160804433870995
5 0.49107142857142855 0.25356842363287163 0.14285714285714285 0.4193352897483594
5 0.6205357142857143 0.1613618948651545 0.10267857142857142 0.322723789730309
5 0.7120535714285714 0.1533664918187922 0.10714285714285714 0.3067329836375844
5 0.8058035714285714 0.14629231402976123 0.08928571428571429 0.29258462805952246
5 0.8839285714285714 0.15194956302124282 0.10267857142857142 0.30389912604248565