5 0.14410440781644754 0.73194888733056 0.17458905573556047 0.4066819697719615
5 0.2639385887864794 0.7048391957158745 0.14577668964898585 0.3470861652861585
5 0.37115939407552345 0.7008309777726619 0.14053292247283075 0.32450472168138184
5 0.4850766279359961 0.6964327372794273 0.14006523359570913 0.3111118645385247
5 0.7021401221021618 0.6994470081620425 0.13160435104425922 0.3239846916146854
5 0.596839667085513 0.6943966471600095 0.13129255845951146 0.315056120186114
5 0.8225199400955022 0.687962316547357 0.1491497013166543 0.31609618031950654
5 0.933113757052215 0.6524440835707963 0.1209609203995754 0.2743575186908464
5 0.16760207596101445 0.2577585037785048 0.2545352164801383 0.5155170075570096
5 0.3473923214891557 0.21238171460839847 0.16166388746982488 0.41929478181477436
5 0.495025542645332 0.21355074079575115 0.17090425148314406 0.4271014815915023
5 0.6468892050772332 0.21162264311932377 0.1889172906326608 0.42324528623864754
5 0.7969884135291132 0.21632597025598793 0.1980017583536061 0.43265194051197586
5 0.9385133259004302 0.1865720981604537 0.12297334819913962 0.3731441963209074