5 0.8601678047359999 0.45334961164513965 0.27706644157813287 0.7827084362779765
5 0.6958335667161354 0.42048718057748075 0.3169852181117176 0.7747150314797622
5 0.5068808085439527 0.3892854016484132 0.307666954340666 0.7611143595301589
5 0.3130740723150042 0.37137257245882965 0.32920899822713434 0.7348481822613097
5 0.7615227642052427 0.5426334596154768 0.3224886834059504 0.8105332245974208
5 0.5748670976139498 0.509251491530953 0.31776460279667773 0.8015007457654765
5 0.38348735041338416 0.4846941874716273 0.31265082984492526 0.7790754097906748
5 0.19650694020335768 0.46247293367281767 0.31213124005495174 0.761218266933532
5 0.6374798188372074 0.6511159151099208 0.2974394084371608 0.6977681697801584
5 0.4592980826082589 0.6356449098996032 0.2982187931221211 0.7287101802007935
5 0.2657511412742972 0.6159731201141867 0.32946879312212113 0.7437767536898813
5 0.11117638804067154 0.565149638786012 0.22235277608134307 0.7642278490005954