5 0.4575892857142857 0.47098214285714285 0.15848214285714285 0.671875
5 0.6227678571428571 0.49107142857142855 0.16517857142857142 0.671875
5 0.796875 0.5133928571428571 0.18080357142857142 0.6607142857142857
5 0.9174107142857143 0.41294642857142855 0.11830357142857142 0.6875
5 0.8236607142857143 0.36160714285714285 0.125 0.6383928571428571
5 0.7433035714285714 0.39955357142857145 0.12723214285714285 0.6517857142857143
5 0.5736607142857143 0.390625 0.11160714285714286 0.6450892857142857
5 0.6450892857142857 0.35044642857142855 0.11830357142857142 0.671875
5 0.3950892857142857 0.3861607142857143 0.13616071428571427 0.640625
5 0.48660714285714285 0.34598214285714285 0.10714285714285714 0.6674107142857143
5 0.05803571428571429 0.8861607142857143 0.09821428571428571 0.10267857142857142
5 0.14955357142857142 0.9040178571428571 0.07142857142857142 0.10044642857142858
5 0.23214285714285715 0.9151785714285714 0.10044642857142858 0.11383928571428571
5 0.33482142857142855 0.9330357142857143 0.09151785714285714 0.10044642857142858
5 0.11830357142857142 0.8125 0.08258928571428571 0.08258928571428571
5 0.10714285714285714 0.7589285714285714 0.08482142857142858 0.08705357142857142
5 0.203125 0.8303571428571429 0.08705357142857142 0.078125
5 0.28794642857142855 0.8415178571428571 0.08705357142857142 0.08035714285714286
5 0.18973214285714285 0.7700892857142857 0.07589285714285714 0.08482142857142858
5 0.26785714285714285 0.7767857142857143 0.078125 0.0625
5 0.3482142857142857 0.8058035714285714 0.08705357142857142 0.08928571428571429