5 0.109375 0.6227678571428571 0.20982142857142858 0.7544642857142857
5 0.3080357142857143 0.625 0.19419642857142858 0.75
5 0.49776785714285715 0.6272321428571429 0.18526785714285715 0.7455357142857143
5 0.6941964285714286 0.6272321428571429 0.20535714285714285 0.7455357142857143
5 0.22321428571428573 0.5133928571428571 0.18973214285714285 0.7834821428571429
5 0.41294642857142855 0.515625 0.1875 0.7767857142857143
5 0.6049107142857143 0.5089285714285714 0.1875 0.7522321428571429
5 0.7924107142857143 0.5022321428571429 0.18973214285714285 0.7366071428571429
5 0.32142857142857145 0.36160714285714285 0.17857142857142858 0.7232142857142857
5 0.5044642857142857 0.3638392857142857 0.17633928571428573 0.7232142857142857
5 0.6986607142857143 0.36160714285714285 0.20982142857142858 0.7165178571428571
5 0.8928571428571429 0.38169642857142855 0.171875 0.7433035714285714