5 0.1253927276757117 0.4181119705575705 0.25005820200960555 0.773723941115141
5 0.3014722800536339 0.39681645393941306 0.2812562553423329 0.7694414625824477
5 0.4887385200509068 0.3778180113146815 0.27211989724467067 0.7515323748162784
5 0.6850631981449328 0.37003222788469053 0.28976925343272264 0.7337791217771884
5 0.2292141257842825 0.5169236227256596 0.2816198820132418 0.8006914625824476
5 0.416454392447919 0.4956930372437852 0.2770517029644107 0.7917369186993631
5 0.6082628381603866 0.4834169956449954 0.27232768391376133 0.7693895176734212
5 0.7956069981585685 0.47111498159169235 0.27663612962622913 0.7560226329850773
5 0.34453389151584013 0.6434674955382028 0.2627757524779176 0.7130650089235944
5 0.5252075962762299 0.6328392165700091 0.2585712000999954 0.7343215668599817
5 0.7192222115122039 0.6202140350662829 0.2942854858142811 0.7382693799459873
5 0.8895356838228565 0.5810613755909826 0.22092863235428695 0.7602271941542311