5 0.38839285714285715 0.24330357142857142 0.15401785714285715 0.46651785714285715
5 0.5111607142857143 0.265625 0.13616071428571427 0.53125
5 0.6361607142857143 0.28348214285714285 0.14732142857142858 0.5669642857142857
5 0.7544642857142857 0.32142857142857145 0.15848214285714285 0.5892857142857143
5 0.9174107142857143 0.39955357142857145 0.16294642857142858 0.6607142857142857
5 0.7522321428571429 0.5870535714285714 0.20535714285714285 0.5669642857142857
5 0.027950424107142855 0.7629193928571428 0.061987325892857145 0.7629193928571428 0.10623527232142857 0.7255596383928572 0.16920361607142856 0.6863317857142857 0.3785304866071429 0.4995330178571429 0.3189659107142857 0.41734153125 0.06368914285714286 0.6172162276785714 0.061987325892857145 0.6639159196428571 0.005826513392857143 0.7124835714285714 0.027950424107142855 0.7629193928571428
5 0.20153870089285714 0.7984110401785715 0.23727741964285715 0.7610512901785714 0.5010634107142857 0.5256848035714285 0.4176729732142857 0.45283332589285713 0.37172320982142854 0.5032689375 0.16425528125 0.68271028125 0.13857035267857143 0.7405033839285714 0.12495567410714285 0.7853351160714286 0.15558880357142857 0.8133549285714287 0.20153870089285714 0.7984110401785715
5 0.2628050982142857 0.8862064776785715 0.3461955357142857 0.8413747455357142 0.61168334375 0.5985363526785715 0.48978719642857144 0.49813083928571433 0.24578664732142858 0.7834670848214286 0.23727741964285715 0.8357707232142857 0.2628050982142857 0.8862064776785715
5 0.40405816071428574 0.9030183973214285 0.4380950625 0.9235662276785714 0.49425600446428575 0.9011502946428571 0.5197836830357143 0.8693945625 0.5504169464285714 0.8749985803571428 0.7171976830357142 0.6620478883928572 0.6089361339285714 0.5822429910714285 0.42958583928571425 0.7591832633928571 0.4261822008928572 0.8245628258928572 0.40916375 0.8600546205357142 0.40405816071428574 0.9030183973214285
5 0.9078042857142857 0.7236915357142857 0.8856805044642858 0.7236915357142857 0.8720656919642857 0.7965430133928572 0.8295195669642857 0.8600546205357142 0.89248778125 0.9179622098214286 0.9656671741071429 0.8918103571428572 0.9078042857142857 0.7236915357142857
5 0.7206013214285714 0.9104902321428572 0.6344680446428572 0.8112149553571429 0.61168334375 0.8563187053571429 0.6440184241071429 0.9422461071428572 0.6916700089285713 0.9422461071428572 0.7206013214285714 0.9104902321428572