5 0.4637449657861006 0.5210306064502576 0.1774868039010348 0.6770682699431798
5 0.6286638038783084 0.49582597518979304 0.18641537532960634 0.6772241187371817
5 0.8024852400654515 0.46823335227818375 0.19970433913791805 0.6685293204996132
5 0.926395923888308 0.5643047170749428 0.1374640724742814 0.6897598075130282
5 0.833243310561944 0.6172804151262489 0.14135694484856742 0.6407305890528863
5 0.7524705943666197 0.5829687685579807 0.1459770705646713 0.6542013705927445
5 0.5829576038919442 0.5970906099297318 0.13253226675454144 0.6495033116874558
5 0.65485369532597 0.6360223910062877 0.1373082324724635 0.6763669503701709
5 0.4044900686550611 0.6091361572383421 0.15480174865869728 0.6454286479581748
5 0.4964494724697362 0.6454851356712508 0.12832771437661922 0.6717468158618836
5 0.0527418457306486 0.11963958372020311 0.0994090590615578 0.10439290816259282
5 0.14405191620441493 0.10018499072454035 0.07262334477584353 0.10392536178058699
5 0.22648536191688257 0.08535053223716524 0.10402918477766157 0.11786368970245091
5 0.32893017334272684 0.06346898539185718 0.09494477334727211 0.10431498376559183
5 0.11609896574064815 0.1922093564479038 0.08580841524960985 0.08630199211444703
5 0.10556161146220625 0.2459755960118348 0.08586036191688258 0.09076627782873281
5 0.1984544914522067 0.1706784693891001 0.09022075429662291 0.08191563079716227
5 0.28314605335545356 0.15803719156036738 0.09022075429662291 0.08191563079716227
5 0.18799505717467385 0.23114113752445967 0.07687984382103842 0.08614614332044505
5 0.2660421371737648 0.22308103200551413 0.08108439619896066 0.06390263914601745
5 0.34603565335999875 0.19042839285949661 0.09032464763116822 0.09084420222573371