5 0.11383928571428571 0.8013392857142857 0.18303571428571427 0.3794642857142857
5 0.27232142857142855 0.78125 0.125 0.40848214285714285
5 0.42410714285714285 0.7723214285714286 0.15401785714285715 0.42410714285714285
5 0.5915178571428571 0.7522321428571429 0.16517857142857142 0.46875
5 0.8258928571428571 0.7053571428571429 0.30357142857142855 0.5625
5 0.109375 0.24330357142857142 0.10714285714285714 0.4330357142857143
5 0.24330357142857142 0.26785714285714285 0.109375 0.3950892857142857
5 0.37276785714285715 0.2700892857142857 0.12723214285714285 0.39285714285714285
5 0.5022321428571429 0.26785714285714285 0.12276785714285714 0.4107142857142857
5 0.6361607142857143 0.18526785714285715 0.08482142857142858 0.3169642857142857
5 0.7299107142857143 0.18303571428571427 0.08928571428571429 0.30580357142857145
5 0.8236607142857143 0.18080357142857142 0.07366071428571429 0.296875
5 0.9017857142857143 0.1875 0.08482142857142858 0.3169642857142857